4711
1315
2544
7137
6318
4040
9978
218
1508
8180
5897
4043
5612
1924
2882
892
7603
6167
7094
6904
6695
1631
6859
8381
8720
8867
5183
680
8536
5427
6162
2833
8433
9535
273
7219
8387
3128
7518
7110
3231
1899
9281
2783
4181
1776
8186
1625
7837
816
8744
3227
1917
109
3247
4262
9860
6898
4715
7663
7034
3457
4866
5840
1743
3936
1522
7238
5720
8639
4326
6706
1198
2502
5940
633
8457
580
5365
2095
6560
9985
2446
2385
8045
4578
7310
2724
2899
2567
3077
5163
8455
1136
3143
472
6107
7928
9967
6135
6778
9130
7077
4819
285
9446
9073
4722
3175
8169
3169
6759
9763
8940
9630
893
6763
8226
7866
181
1695
6928
6443
6902
9692
75
9916
5384
6704
6290
8119
8518
8367
1912
7685
449
7554
758
6553
3987
8592
5439
9474
9114
8289
3090
2693
6000
4924
2815
7024
8306
2739
5033
6981
3614
6603
2904
2358
8021
4005
2984
6975
5567
3882
6464
2179
4132
2082
9001
8840
1900
3631
6161
3474
7744
2720
3518
3496
5241
3348
3719
256
5044
6630
7097
6081
9736
1272
6110
6341
8972
1422
9722
3310
7119
4080
5693
1976
8626
1834
6654
464
4026
7138
3596
1061
8899
4713
4380
1983
2652
6241
524
9279
2997
8193
8805
2071
746
5187
5078
257
9253
5722
6054
77
5528
5973
4765
3494
4661
8699
2734
9016
955
564
1536
3164
9524
5783
3756
8551
9823
8329
8383
4369
6092
2003
8122
3123
3544
5549
1013
3807
2873
8055
1772
2119
4399
9776
4199
3424
8958
8908
5322
9240
1297
8224
8370
6471
7508
9409
604
3864
1150
1005
3366
5747
2132
2212
2001
3889
618
2345
1818
6226
8933
9103
9092
5247
2872
4675
2177
4686
5197
7327
5018
787
5145
5655
1107
3073
4851
106
4218
3526
329
1998
1925
4812
1514
3897
9344
3276
1759
1015
2061
1798
5264
1504
9283
3739
4539
8278
9245
8314
7675
978
938
5931
4910
477
4360
784
8577
8897
6472
3532
5272
4637
1388
8361
9032
7828
2879
6087
5464
264
485
367
7437
4741
8362
7794
6288
2821
6985
6482
7630
9832
4071
7505
6926
3592
532
3481
7995
8168
9462
7191
3254
8962
9898
4102
5316
1366
8448
8072
1756
9676
547
7163
5236
8656
7420
2581
7730
876
1632
864
8885
4468
7804
5572
311
1669
3710
7082
4136
842
124
6739
7309
9709
1478
7966
4823
7671
1251
9868
2289
7580
6013
1803
2120
7874
6736
8708
8297
5193
5812
7540
7677
8200
3754
220
3845
8965
2224
537
6113
4293
9805
2104
3670
6130
8527
1270
3636
5310
7684
5834
8593
6051
5351
4464
6772
6535
4962
9611
7194
4909
5481
6649
1346
3454
1448
6185
9992
6371
8185
5175
8480
209
3675
5341
2375
5216
5425
1671
4493
7868
3057
6286
3300
2564
6379
8613
6998
4967
1704
4568
6648
8844
8951
2638
4760
304
9688
6313
5923
164
8597
4737
3194
8906
8888
7397
4672
